T-Test results for Grip Strength between Frail and Non-Frail Participants:
T-Statistic: -1.6349999934600006
P-Value: 0.1415730416628566